world: 596b4201-5fcc-4563-b1fc-c3d8ca9ddb60
world-name: aaa
x: -114.004074
y: 111.0
z: 398.4902
yaw: 179.4571533203125
pitch: 7.60955810546875
name: mina
lastowner: 00000000-0000-0000-0009-01fe0d5598dd
