world: 596b4201-5fcc-4563-b1fc-c3d8ca9ddb60
world-name: aaa
x: 12.30001
y: 117.0
z: 403.03738
yaw: -89.8827133178711
pitch: 11.567153930664062
name: minapvp
lastowner: 00000000-0000-0000-0009-01fe0d5598dd
