world: 86178c68-576a-4464-85d7-784c86d3ca6a
world-name: world
x: 42.374786
y: 66.26837
z: 28.716396
yaw: 1.3011474609375
pitch: 32.93171691894531
name: s
lastowner: 00000000-0000-0000-0009-01fe0d5598dd
